L
[[153,43],[153,44],[153,47],[153,48],[153,50],[153,53],[153,58],[153,61],[153,65],[153,69],[152,78],[152,87],[152,90],[151,95],[151,97],[151,105],[151,109],[151,111],[151,114],[151,121],[151,123],[151,125],[151,128],[152,132],[152,135],[152,142],[152,148],[152,152],[152,154],[152,156],[152,158],[152,161],[152,163],[151,168],[151,170],[151,172],[150,174],[150,177],[150,179],[151,181],[152,181],[153,181],[154,181],[155,181],[158,181],[161,181],[163,181],[167,181],[169,181],[172,181],[175,181],[180,181],[184,181],[192,180],[194,180],[202,180],[204,180],[206,180],[210,180],[212,181],[215,181],[219,181],[221,181],[224,181],[228,181],[234,181],[241,181],[244,181],[247,181],[252,181],[257,181],[260,181],[267,182],[269,182],[273,182],[276,182],[278,182],[280,182],[281,182],[283,182],[285,182],[284,182]]

 [[163,25], [163,27], [163,28], [163,30], [163,35], [163,37], [163,39], [163,40], [163,42], [163,43], [163,46], [163,48], [163,49], [163,51], [163,52], [163,55], [163,56], [163,57], [163,60], [163,63], [163,67], [163,68], [163,71], [163,76], [163,77], [163,81], [163,83], [164,84], [164,87], [164,90], [164,94], [164,96], [164,97], [164,99], [164,100], [164,102], [164,105], [164,106], [164,108], [164,109], [164,110], [164,112], [164,113], [164,114], [164,117], [164,122], [164,124], [165,127], [165,129], [165,131], [165,132], [165,137], [165,139], [164,142], [164,143], [164,144], [164,146], [164,148], [164,149], [164,150], [164,152], [164,153], [164,155], [164,156], [164,158], [164,159], [164,161], [164,162], [164,164], [164,165], [164,166], [164,168], [164,169], [164,170], [164,172], [164,174], [164,176], [163,179], [163,180], [163,181], [163,184], [163,186], [163,188], [163,189], [163,191], [163,192], [163,193], [163,195], [162,195], [162,198], [162,199], [162,200], [162,202], [162,204], [162,205], [162,206], [163,206], [164,206], [167,206], [170,206], [173,206], [176,206], [179,206], [184,206], [186,206], [190,206], [192,206], [194,206], [197,206], [199,206], [203,206], [205,206], [208,206], [212,206], [218,206], [220,206], [223,206], [227,206], [230,204], [234,203], [237,203], [241,202], [244,202], [246,202], [251,202], [253,202], [258,202], [260,202], [263,202], [266,202], [268,202], [271,201], [272,201], [275,201], [276,201], [278,201], [280,201], [282,201], [284,201], [286,201], [288,201], [289,201], [292,201], [294,201], [296,201], [298,201], [302,201], [303,201], [306,201], [308,201], [310,201], [313,201], [315,200], [318,200], [319,200]]

 Line

 [[377,146], [376,146], [375,146], [372,145], [371,145], [368,145], [367,145], [365,145], [363,145], [362,145], [361,145], [359,145], [357,145], [355,145], [353,145], [352,145], [346,142], [345,142], [343,142], [339,142], [337,142], [335,142], [333,142], [333,141], [328,141], [327,140], [326,140], [324,140], [323,140], [322,140], [321,139], [320,139], [319,139], [317,139], [316,139], [315,139], [314,139], [312,139], [311,139], [310,139], [306,139], [303,139], [301,139], [299,139], [298,139], [298,138], [296,138], [294,138], [293,138], [291,138], [290,138], [289,138], [286,139], [285,139], [284,139], [283,139], [282,139], [281,139], [279,140], [278,140], [277,140], [275,140], [275,141], [274,141], [271,141], [269,141], [268,141], [266,141], [262,141], [257,141], [255,142], [253,142], [250,142], [248,142], [247,142], [246,142], [245,142], [244,142], [241,142], [239,142], [238,142], [236,142], [235,142], [234,142], [233,142], [231,142], [230,142], [229,142], [228,142], [226,142], [224,142], [220,142], [218,142], [216,142], [213,142], [209,142], [207,142], [204,143], [201,143], [197,143], [193,143], [191,143], [188,143], [186,143], [182,143], [179,144], [175,146], [173,146], [170,146], [165,146], [163,146], [162,146], [158,147], [156,147], [155,147], [154,147], [152,147], [151,147], [150,147], [149,147], [148,147], [146,147], [144,147], [142,147], [140,146], [138,146], [137,146], [135,146], [133,146], [130,146], [128,146], [127,146], [122,145], [119,145], [118,145], [116,145], [111,145], [108,145], [107,144], [106,144], [104,144], [103,144], [102,144], [100,144], [99,144], [97,144], [95,144], [93,144], [92,144], [90,144], [89,144], [87,144], [85,144], [83,144], [79,144], [76,145], [75,145], [73,145], [71,145], [66,146], [64,146], [62,146], [61,146], [60,146], [59,146]]

 [[378,148], [377,148], [376,148], [375,147], [372,147], [370,147], [366,146], [363,145], [358,145], [354,145], [350,145], [343,145], [340,145], [336,145], [333,145], [328,145], [322,145], [315,145], [309,145], [298,145], [291,145], [286,145], [277,145], [273,145], [270,145], [265,145], [262,145], [260,145], [259,145], [256,145], [252,145], [249,145], [248,146], [245,146], [243,146], [238,144], [236,144], [233,144], [231,144], [229,144], [227,144], [225,144], [222,144], [217,144], [214,144], [211,144], [209,144], [206,144], [203,144], [199,144], [194,144], [190,144], [186,144], [180,144], [175,144], [170,144], [165,144], [162,144], [155,144], [150,144], [147,144], [144,144], [140,144], [135,144], [133,144], [130,144], [128,144], [123,142], [121,142], [117,142], [116,142], [113,142], [111,142], [110,142], [109,142], [107,142], [105,142], [104,142], [99,142], [98,142], [97,142], [96,142], [94,142], [93,142], [91,142], [89,142], [84,142], [82,143], [80,143], [79,143], [74,143], [72,143], [71,143], [71,142], [69,142], [68,142], [67,142], [67,141]]


 UL

 [[235,43], [235,44], [235,45], [235,47], [235,49], [235,53], [235,56], [236,60], [236,63], [236,67], [236,72], [236,78], [236,83], [236,85], [236,87], [236,89], [236,94], [236,96], [236,97], [236,99], [236,101], [236,104], [236,106], [236,108], [236,112], [236,114], [236,116], [236,121], [236,123], [236,125], [235,128], [234,129], [234,132], [234,135], [234,139], [234,141], [234,143], [234,145], [234,148], [234,149], [234,151], [234,152], [234,154], [234,155], [234,156], [234,158], [234,160], [234,162], [236,168], [236,169], [236,173], [236,174], [236,177], [238,179], [238,183], [238,184], [238,185], [238,187], [238,188], [239,191], [239,192], [239,194], [239,196], [239,199], [239,200], [239,201], [239,202], [239,203], [238,203], [237,203], [235,203], [234,203], [233,203], [232,203], [231,203], [230,203], [229,203], [228,203], [225,203], [224,203], [222,203], [220,202], [216,205], [215,205], [213,205], [211,205], [209,205], [208,205], [205,205], [204,205], [201,205], [200,205], [199,205], [196,205], [194,204], [192,204], [190,204], [188,204], [186,204], [182,205], [179,205], [177,206], [177,207], [175,207], [174,207], [172,207], [168,206], [167,206], [166,206], [163,205], [160,205], [159,205], [156,205], [154,205], [153,205], [151,205], [149,205], [145,205], [142,206], [141,206], [139,206], [138,206], [136,207], [135,207], [132,207], [130,206], [129,206], [128,206], [125,206], [124,206], [123,206], [119,206], [118,206], [116,205], [115,205], [113,205], [111,205], [110,205], [109,205], [106,204], [104,206], [103,206], [101,206], [100,206], [99,206], [98,206], [97,206]]

 [[237,40], [237,41], [237,42], [236,42], [236,43], [236,45], [236,49], [236,54], [236,57], [235,62], [235,65], [235,70], [235,75], [235,78], [235,82], [235,85], [235,89], [235,91], [235,96], [235,102], [235,106], [235,108], [235,114], [235,121], [235,126], [235,131], [235,134], [235,138], [235,140], [235,146], [235,147], [235,150], [235,154], [236,157], [236,161], [236,167], [236,169], [237,173], [237,175], [239,178], [239,180], [239,185], [239,186], [239,188], [239,189], [239,191], [239,192], [239,193], [239,194], [239,196], [239,197], [239,199], [239,200], [239,201], [239,202], [238,202], [237,202], [234,202], [233,202], [229,202], [222,202], [220,202], [214,202], [208,205], [205,205], [196,205], [193,204], [185,202], [181,202], [178,202], [174,202], [172,202], [170,202], [167,202], [164,202], [161,202], [158,202], [155,202], [151,202], [146,198], [139,198], [136,198], [128,197], [126,197], [122,197], [117,197], [114,196], [112,196], [108,196], [106,196], [104,196], [103,196], [101,196], [100,196], [99,196], [98,196]]